241 91 181
0 187 249
254 228 64
0 245 212
222 158 54
255 133 141
93 169 233
155 93 229
24 242 178
252 116 186
138 225 252
178 171 242
24 231 98
232 93 117
207 250 231
253 208 242
109 157 197
166 189 219
253 146 207
167 201 87
117 68 177
255 229 50
251 202 239
58 134 255
255 0 110
251 86 7
188 51 209
122 229 130
0 48 73
214 40 40
229 179 179
0 187 249
255 190 11
204 213 174
0 245 212
255 153 200
144 251 146
189 211 147
230 0 86
0 95 57
0 174 126
255 116 163
189 198 255
90 219 255
158 0 142
255 147 126
164 36 0
0 21 68
145 208 203
95 173 78
107 104 130
0 125 181
106 130 108
252 246 189
208 244 222
169 222 249
228 193 249
122 204 174
194 140 159
0 143 156
235 0 0
255 2 157
104 61 59
150 138 232
152 255 82
167 87 64
1 255 254
255 238 232
254 137 0
1 208 255
187 136 0
165 255 210
255 166 254
119 77 0
122 71 130
38 52 0
0 71 84
67 0 44
181 0 255
255 177 103
255 219 102
126 45 210
229 111 254
222 255 116
0 255 120
0 155 255
0 100 1
0 118 255
133 169 0
0 185 23
120 130 49
0 255 198
255 110 65
232 94 190
1 0 103
149 0 58
98 14 0
0 0 0
